"UM" "X_coord" "Y_coord" "Banda1" "Banda2" "Banda3" "Banda4" "Banda5" "Banda7" "EDAD" "TCH"
"1" 6 327703.181818182 7372820.90909091 0.0897549120975253 0.0390340132905556 0.0319512688635355 0.129122282143182 0.0927465793604545 0.026528212639293 ">=2" 45.5679045811873
"2" 9 328356.483516484 7365764.83516483 0.0940520705414103 0.0426443884271245 0.032623530960348 0.15487108074022 0.0961413470962271 0.0253513176323808 "P+S1" 85.3037416417698
"3" 10 330259.736842105 7366056.05263158 0.0917818103178947 0.0405006369481579 0.0317977075723684 0.154299682302368 0.0902946011005263 0.0229846148913158 "P+S1" 105.333333333333
"4" 11 326650.206185567 7367992.21649485 0.0878289827343299 0.036450701564897 0.0265785625484021 0.144623453623454 0.0790789216825772 0.020353180523299 "P+S1" 111.172279792746
"5" 12 327428.413597734 7366752.63456091 0.0863844195715581 0.0359541220282154 0.025856203980085 0.135913432405496 0.0741163084004533 0.0183257542761757 ">=2" 99.9603227086364
"6" 13 327971.294117647 7366300 0.0873679233510981 0.0365751373285491 0.0275870801949413 0.135977308511961 0.0773292069629412 0.0196332644369804 ">=2" 104.917380051762
"7" 14 329608.981132075 7365929.35849057 0.0928626615769811 0.0414748576025662 0.0311514838911322 0.154265802593924 0.0922070849051321 0.0236557817631698 ">=2" 103.246613631477
"8" 15 336537.532467532 7372601.81818182 0.0906262854142857 0.0397573897218615 0.0312490356432901 0.137272723278225 0.089638628805671 0.0246344469348918 "P+S1" 67.6335439402642
"9" 16 331235.652173913 7373461.30434783 0.0865610152249275 0.0365387354111594 0.0293190260110145 0.138464058224493 0.0843769010631884 0.0223723286368116 ">=2" 76.2273901808785
"10" 17 337770 7372776.47058824 0.0920815202679412 0.0421239298711765 0.0351366382105882 0.131573571769412 0.0955289977002941 0.0275029452704412 ">=2" 71.4550509731233
"11" 18 328335.099337748 7369927.61589404 0.0864013050053311 0.0357646924746359 0.0256803414826491 0.136892367870728 0.0767258715543377 0.0196366618462914 "P+S1" 90.7736665064873
"12" 19 328381.142857143 7371111.14285714 0.0909361742071905 0.040033752525762 0.0318706252940954 0.132210298025048 0.0870689080581905 0.0246543815199524 "P+S1" 61.9532324621733
"13" 20 325240.091911765 7371917.38970588 0.090238507808236 0.0386803034544856 0.0313890492627389 0.13610607521364 0.0888610590947247 0.0239554321965256 "P+S1" 78.9276302452868
"14" 21 321875.567010309 7370101.34020619 0.0879045075038661 0.035954396941598 0.0262548855539691 0.141483789790773 0.0763276710556701 0.0195224105091753 ">=2" 106.774547449259
"15" 22 327566.883802817 7370200.47535211 0.0904503440812857 0.0392281299438207 0.0296985861466196 0.140909757544331 0.0841931297087324 0.0215841016238203 "P+S1" 99.6525096525097
"16" 23 319551.798561151 7371558.74100719 0.0873839857317626 0.0374279417142087 0.0295674878818346 0.133492623382518 0.0824975538057554 0.0233559223877338 ">=2" 58.2756916996047
"17" 24 324273.362068966 7373926.72413793 0.0925453591710345 0.0429964124953449 0.0334691553357759 0.145288107211552 0.0964248307569828 0.02657632994 "P+S1" 75.200493522517
"18" 25 319630 7370656.28205128 0.092416428570983 0.0413946571605129 0.0325123586296582 0.149699644019273 0.0919423497829059 0.0248555139952565 "P+S1" 102.34794275492
"19" 26 318328.805970149 7371586.26865672 0.0852081691696767 0.0355098381445275 0.0262366352923631 0.136119666496095 0.0754819786016171 0.0208736935060448 ">=2" 67.0369828972373
"20" 27 324047.419354839 7368906.90322581 0.0961094670733549 0.044659490833613 0.0405813046286452 0.136324174174 0.0995934818067097 0.0287923719759355 ">=2" 91.0790423089538
"21" 28 325329.642857143 7369330.53571429 0.0890100163253571 0.0371308082603571 0.0284593556703571 0.13958103289625 0.0806375809805357 0.0202364257 "P+S1" 97.8039215686274
"22" 29 327895.090909091 7368523 0.0876026056696364 0.0373108966443637 0.0292048553363637 0.129521874406273 0.0817799560725454 0.0240481953805455 ">=2" 90.3337169159954
"23" 30 322010.64516129 7369143.5483871 0.0949031154649463 0.0425078656151613 0.0341804397694624 0.148986361520753 0.0973113164793549 0.0279911385008602 "P+S1" 87.2727272727273
"24" 31 327422.110199297 7370919.96483001 0.0910277135685231 0.0396790584306334 0.0310293389956391 0.132276445872075 0.0857520016549123 0.0235255536429893 "P+S1" 83.59516328668
"25" 32 325837.73006135 7371224.78527607 0.089839417280184 0.0381280624686503 0.0289081086900614 0.138944018838221 0.0844974969882209 0.0221151333723927 "P+S1" 111.194968553459
"26" 33 327035.304878049 7371366.52439024 0.0911550872111586 0.0394718827494819 0.0301932818906708 0.144810159986555 0.0875368192554879 0.0230333156010976 "P+S1" 118.543407192154
"27" 49 333887.688679245 7365122.0754717 0.0864944785885378 0.0362203617255189 0.025162425764434 0.146681244011368 0.0753378107228773 0.0181919771651887 ">=2" 107.732426303855
"28" 50 334566.603773585 7365440.56603774 0.0869650986940881 0.0365988329163522 0.0257778526104403 0.146901743968302 0.0761046257779246 0.018445388154717 ">=2" 109.048603929679
"29" 51 333833.108108108 7365582.02702703 0.0864411095590541 0.0361357727467568 0.0261227906002703 0.142134788069122 0.0759048496644595 0.0186271965868244 ">=2" 108.519767085504
"30" 52 334952.183544304 7367140.09493671 0.0859985719594303 0.0355718575084811 0.0242717166544304 0.144148591999905 0.0728504006760443 0.0173896270152848 ">=2" 98.2762076568451
"31" 53 331448.777777778 7369316.94444444 0.0853484619120373 0.0349975524817409 0.0250862925299258 0.127392823994092 0.0740185378187965 0.0191945779331111 ">=2" 94.4106765327695
"32" 54 334676.749435666 7368609.86455982 0.094441654519052 0.042860450848623 0.0348045776101581 0.142654043238194 0.0956559419031152 0.0262903949397065 ">=2" 90.5959868224019
"33" 55 332745.303370787 7366953.25842697 0.0948404004583819 0.0435662798735729 0.0336322407217754 0.159684457204225 0.0967077370954381 0.0255279099654156 "P+S1" 99.0117947083201
"34" 60 334920.454545455 7365670.45454545 0.0881005107884091 0.0373426110816666 0.0281297591634849 0.141221088160455 0.0791096556364394 0.0201061726964394 ">=2" 92.938163190633
"35" 61 333811.80156658 7363972.92428198 0.0852044987293995 0.0349480128476503 0.0239523580177023 0.140833112185222 0.0730119995753525 0.0176948908548042 ">=2" 110.01392973224
"36" 63 320795.454545455 7360046.46103896 0.089672607404513 0.0386904469988963 0.0308005119419156 0.123740001303669 0.0844194482308442 0.0241202310012987 ">=2" 69.0804597701149
"37" 64 326051.643564356 7362557.48514851 0.088626551183347 0.0381888355163369 0.0291408005981979 0.132536255177267 0.0802997072583566 0.0207807970499405 "P+S1" 71.3782086592487
"38" 66 321630.087209302 7361212.64534884 0.0912361168186627 0.0406120814668315 0.0298666416552907 0.157734931599418 0.083502568044157 0.0208492338804942 "P+S1" 128.815261044177
"39" 67 325151.165919283 7361942.33183856 0.0885925004950224 0.038432967904843 0.0306049267550225 0.122269972323543 0.0815435102700449 0.0230960140487893 "P+S1" 88.6453657248482
"40" 68 323770.588235294 7360379.89304813 0.0868627419624599 0.0366672938751071 0.0271027920309358 0.132631317757353 0.0751099889689305 0.0190717441138235 "P+S1" 87.5792141951838
"41" 71 314431.666666667 7357460 0.0964148044594444 0.0437382225766667 0.0335052431472222 0.158975515928333 0.100949877667222 0.0302492956544444 ">=2" 74.9766573295985
"42" 72 316477.2 7361152 0.0924472004174667 0.0407892656824 0.0323889189477333 0.149686764678267 0.0878702693181334 0.0232071457445333 ">=2" 88.0616740088106
"43" 73 324035.210526316 7358532.05263158 0.0884658866787106 0.0371241197497107 0.0278207999488947 0.138105626444132 0.081200594728921 0.0214753732969737 "P+S1" 69.415575651235
"44" 75 315591.386138614 7357949.9009901 0.0947235085748515 0.0443645433905941 0.0322203652964357 0.172437962035049 0.0982672882709902 0.0261068272578218 ">=2" 84.6243447874199
"45" 76 319698.913043478 7365146.63043478 0.0943191676693478 0.0420141896706522 0.0335279947316304 0.143507237830217 0.0982551251580435 0.0277491930453261 ">=2" 66.9344608879493
"46" 77 319220.483193277 7361807.37394958 0.0928774305756305 0.0404089880766809 0.0312538324842016 0.145367864942395 0.0911712834940759 0.0245039939895587 "P+S1" 102.317761498739
"47" 78 320926.44295302 7364831.0738255 0.0931096892701344 0.0405946578960181 0.0326483331559731 0.14356907863792 0.0949265282670693 0.0257415405229306 ">=2" 90.03663003663
"48" 80 315825.180722892 7365388.07228916 0.093827139003735 0.041398536996747 0.034589625133253 0.139572927482169 0.0913305396592771 0.0265954614207229 ">=2" 73.4956051386072
"49" 81 315970.746268657 7362808.80597015 0.0944553355686567 0.0415965186340299 0.0324430695337313 0.14212824382 0.0916749374620896 0.0260700192320895 ">=2" 80.0284629981025
"50" 84 324844.103773585 7362794.38679245 0.0875903980888679 0.0375137458625944 0.0282231049797171 0.131634551188868 0.0770261201928301 0.0202653401193397 "P+S1" 96.5822560651673
"51" 85 323631.343283582 7363057.46268657 0.0884571722987065 0.036702181830398 0.027913205996219 0.139764384325771 0.0793766192902487 0.0203634329665175 ">=2" 112.767350501964
"52" 86 320882.990353698 7363750.48231511 0.0905037711564631 0.039030784078489 0.0297026502240515 0.140260548310289 0.0844801963336979 0.0223599413687138 "P+S1" 80.5907906168549
"53" 87 319983.523131673 7361820.71174377 0.0921048530744484 0.039203567306477 0.0308609248498577 0.137050838764128 0.0875164032288969 0.0232929556488257 ">=2" 87.3940447728755
"54" 88 320180.517241379 7361495.94827586 0.0915529363752299 0.0389244731154887 0.0299986849308046 0.13804643001842 0.0839022646988794 0.021325512739023 ">=2" 88.8094823078264
"55" 89 315922.714285714 7359700 0.0940260020761429 0.042146796519 0.0326679999287143 0.159301111528714 0.0976739945164286 0.0262391641225714 ">=2" 93.2333333333333
"56" 90 319753.551724138 7360560.48275862 0.0920545613198621 0.0401959771365173 0.0304088861095518 0.139799108973483 0.0832129819384484 0.0215600853406552 "P+S1" 76.5842696629213
"57" 91 318408.510638298 7359754.25531915 0.0949624943304256 0.0427238327693617 0.0324364219744681 0.157889375345532 0.0959867822374468 0.0261570936129787 ">=2" 82.8471411901984
"58" 93 319255.102040816 7360156.2244898 0.0935433057655442 0.0414932334578573 0.0320600021435035 0.14038908689466 0.0915498704118709 0.0260369726089116 "P+S1" 91.9350399119185
"59" 94 318205.109717868 7360569.90595611 0.0925453592525393 0.0411624821676177 0.0305591438129154 0.152307240824984 0.085426165929185 0.0220292304620063 "P+S1" 109.90099009901
"60" 95 326994.705882353 7353950.26737968 0.0881275612301069 0.0369527180183422 0.0275057435242246 0.144126630124492 0.0798110894972192 0.020677953480107 "P+S1" 98.0720261913423
"61" 97 320870.568561873 7352840.23411371 0.0878945839225258 0.0367954156153013 0.0267533913289965 0.138755739321155 0.0778350589362042 0.0200435407961872 "P+S1" 94.9423370848965
"62" 98 320886.395348837 7351917.73255814 0.0871310290222096 0.036515102383663 0.0271812954751549 0.132457391005736 0.0791926275241088 0.0204435926783721 ">=2" 83.9332460732984
"63" 100 320315.726141079 7360388.00829876 0.0915564554293776 0.0396456112368051 0.0298575021091703 0.14173897031249 0.0852858158932781 0.022475165636805 "P+S1" 86.1255998330899
"64" 101 316491.958762887 7359834.22680412 0.0862213892402062 0.0351883618876289 0.0241617762035051 0.142929545229588 0.0732743212401031 0.0185082236327835 "P+S1" 111.269517990496
"65" 102 317256.744186047 7360299.86046512 0.0881954312998922 0.0368509735144653 0.0275504289234883 0.136593310974512 0.0737773165284499 0.0189832840145426 "P+S1" 99.8134545878512
"66" 106 318326.25 7359313.75 0.0902415861828125 0.0382539861624999 0.0294105990118125 0.135884452565063 0.0842762267214374 0.023196680384375 "P+S1" 73.1945348080677
"67" 107 316111.719038817 7358519.85212569 0.0958922811682622 0.0434020533247873 0.0339424363838634 0.164566384474344 0.0979041421513308 0.0260613575090202 "P+S1" 90.0225797346881
"68" 108 317641.034482759 7359047.75862069 0.0955286427237932 0.0431888823694829 0.0341788877628161 0.151248656385172 0.0982472792104023 0.0264440070776437 ">=2" 58.3215297450425
"69" 109 329683.45890411 7355680.10273973 0.088062280710274 0.0377057990558563 0.0290968116805822 0.134590954099692 0.0776540804652397 0.0215845561891096 ">=2" 127.491654744874
"70" 111 319998 7359580 0.0909401607503334 0.0398543433112667 0.0308679267658 0.121639099816467 0.0830282098548666 0.0237094920388001 ">=2" 63.0512514898689
"71" 112 321403.276595745 7360429.06382979 0.0888880240770639 0.038261501319532 0.0284906887657448 0.136771240798894 0.0793487909618298 0.020314201688 ">=2" 72.6715397311955
"72" 113 321367.388059701 7363594.96268657 0.0904409392212314 0.0389645111201867 0.0299204040221643 0.137817064412015 0.0849191948987314 0.0229225454364552 "P+S1" 80.1348747591522
"73" 115 335515.161290323 7365477.70967742 0.0857992177514194 0.0358481754100646 0.0255311722800323 0.140368601583936 0.0767043195663871 0.0195016673933226 ">=2" 99.7036488238563
"74" 120 319187.214765101 7364408.48993289 0.0939455290129195 0.0408381516827518 0.0316368982510739 0.156914406225537 0.0961439975067114 0.0256315000289933 ">=2" 72.9004506349857
"75" 121 326764.122137405 7369246.41221374 0.0858809119286259 0.0351829260932061 0.0242859756751909 0.140062082929084 0.0744566880448855 0.0183901185980153 ">=2" 102.493487160402
"76" 123 331590.215053763 7372251.72043011 0.0902592628699284 0.0399421188711112 0.0319522918554123 0.131431249815233 0.0911370190822581 0.0251928238773835 "P+S1" 45.0046339202966
"77" 125 337439.230769231 7371810.61538462 0.0901802015594872 0.0396235643307693 0.0324533224501027 0.13412476380718 0.0882481027092821 0.0242418931195385 "P+S1" 69.8939787957592
"78" 126 308798.13253012 7370986.23493976 0.0883106622512651 0.0396143501322291 0.0324523843365062 0.139862936304759 0.0947854307940964 0.0264567612016265 ">=2" 58.6519692272362
